0.147629 3.811359 0
3.600659 -1.340302 1
0.278396 1.114115 0
3.554347 6.102707 1
0.023003 -0.426899 0
3.018946 2.384458 1
0.657289 0.987020 0
3.492378 2.276295 1
0.185188 3.000347 0
2.961901 6.126796 1
-0.364173 -4.336788 0
3.097922 1.739051 1
-1.904450 0.049159 0
3.526304 3.576771 1
0.194550 -2.229153 0
2.166636 1.016307 1
0.282985 -0.625497 0
3.672844 1.861032 1
0.644079 0.474275 0
1.147032 4.286121 1
1.480123 -1.635703 0
3.545746 -0.112362 1
-0.921521 -3.016813 0
3.323775 0.802271 1
-0.210193 0.928071 0
1.154323 4.447816 1
0.198300 -6.483632 0
3.113203 1.359351 1
1.138471 6.280784 0
3.692778 0.447903 1
-0.662269 -3.654228 0
2.511381 -0.758930 1
-1.134309 2.547707 0
2.766727 3.724412 1
0.745908 -1.823302 0
2.340953 7.190663 1
-0.453657 -6.734681 0
1.934789 8.574715 1
1.131150 -0.048788 0
3.218928 2.628514 1
0.419140 -0.974351 0
1.156946 6.228457 1
-0.856867 1.573641 0
1.108737 5.337139 1
0.642134 2.959425 0
1.367550 0.488156 1
-0.469021 1.341198 0
2.172390 0.352337 1
-0.020428 1.905264 0
1.037412 7.303357 1
-0.972331 0.865081 0
2.267708 4.174261 1
0.319093 -0.041669 0
3.719278 1.716887 1
-0.067685 -2.918952 0
3.504826 1.583046 1
-0.824175 0.447624 0
0.534545 -0.093138 1
-0.001121 5.867632 0
4.650428 -0.995758 1
-1.273661 -1.636354 0
0.642289 3.607387 1
-0.152250 -0.096249 0
1.500165 6.263849 1
-0.262072 1.590859 0
2.999808 3.801883 1
-0.468573 -0.946228 0
0.901249 10.763450 1
0.038067 -3.333799 0
3.076806 1.875059 1
-0.934989 -0.596128 0
3.950333 -3.649984 1
-1.404881 -2.436348 0
3.047104 2.444445 1
-0.570421 -1.284049 0
2.068610 0.735078 1
-1.138303 1.463803 0
0.663683 7.627119 1
-1.665012 -1.300133 0
4.008889 -3.274830 1
-0.679658 -5.389217 0
2.245561 6.202397 1
0.174234 -2.848184 0
3.848948 -0.703919 1
-2.160087 -2.454537 0
2.958345 1.583533 1
-0.722935 -2.279685 0
2.883720 -1.382435 1
-0.693405 -1.746469 0
3.145087 0.312151 1
1.136743 -1.711798 0
1.672705 4.700785 1
-1.368586 -1.580285 0
0.989888 5.582045 1
-0.239461 2.546630 0
2.367563 2.357233 1
-0.477348 2.889183 0
2.667152 4.438608 1
-0.106422 0.799828 0
3.706784 1.677818 1
-1.575519 -4.703565 0
2.787352 1.765194 1
2.509255 3.648679 0
2.380800 3.033261 1
1.911221 -2.635586 0
1.275703 6.191837 1
0.268919 5.110425 0
1.831783 8.223761 1
1.485599 2.859207 0
2.993803 -0.460230 1
0.916209 1.085762 0
1.599915 3.028475 1
0.284290 1.377568 0
2.247989 -0.675623 1
0.353123 -1.791375 0
2.954249 -0.330176 1
0.196228 1.072563 0
2.440170 1.891477 1
-0.717386 0.224187 0
2.642315 3.148572 1
1.111915 7.789989 0
2.374331 4.478386 1
0.846649 3.541365 0
1.482048 7.641769 1
-0.307059 -3.057183 0
3.880560 7.684699 1
0.372671 0.495015 0
3.476222 -1.663853 1
0.846121 1.706933 0
2.885544 2.363226 1
1.745014 3.222539 0
1.960527 1.532451 1
0.189673 2.929430 0
4.194532 -5.273511 1
-1.801727 -1.978823 0
3.142910 0.612538 1
0.040769 -2.376276 0
1.798073 3.057817 1
1.102999 4.539443 0
2.230103 2.916654 1
-0.695892 1.548453 0
2.382621 1.384285 1
0.169804 -0.729303 0
1.720251 1.037866 1
-1.118838 2.260878 0
2.208379 2.020783 1
-1.817812 -1.739161 0
2.181159 1.494819 1
-0.760492 -2.453693 0
2.253189 5.099980 1
-0.194717 -3.727965 0
3.540755 3.516415 1
-1.876018 -0.625433 0
1.156913 6.951651 1
-0.398505 2.497085 0
3.762517 1.563847 1
-0.038483 -5.056067 0
2.102443 4.906456 1
2.036562 3.505820 0
3.675848 2.711067 1
0.732387 3.954830 0
1.239781 7.671485 1
-0.412022 1.207302 0
2.205373 8.123049 1
-1.790645 1.413664 0
2.831637 1.745685 1
0.663508 -1.426013 0
1.050283 3.260061 1
-0.887585 0.066675 0
2.213914 4.125818 1
-0.959137 -3.002680 0
2.318099 2.002617 1
-0.080488 -0.802064 0
3.244322 -2.720575 1
-0.751381 -1.025292 0
1.584967 7.748480 1
1.196531 3.866628 0
4.855895 1.796004 1
-0.034781 2.160890 0
2.284711 7.036674 1
-0.789692 0.278449 0
3.608795 1.459518 1
0.916927 2.746585 0
2.581745 3.846006 1
0.462732 -0.716790 0
2.576406 6.018502 1
1.603527 2.376380 0
2.483639 0.575876 1
-0.504577 0.046184 0
2.202087 6.145918 1
0.303443 2.917653 0
3.414066 0.592622 1
-0.351505 2.103719 0
3.638691 2.131156 1
1.696520 -1.033966 0
2.597439 6.230677 1
-0.090552 0.759884 0
2.020473 7.750095 1
0.165188 -0.440033 0
3.569984 -1.111958 1
1.352060 -3.351111 0
3.018654 4.385980 1
0.500937 -2.704099 0
2.275192 4.197883 1
-1.000980 1.468529 0
3.188069 5.902955 1
-1.025218 -1.390744 0
2.068175 5.167815 1
0.467836 -2.244422 0
4.475145 3.166429 1
-0.327582 -0.555655 0
4.705770 1.009116 1
-0.704318 1.447979 0
0.678491 6.247381 1
-0.811255 0.175359 0
2.745352 1.381662 1
-0.618468 2.307284 0
1.797230 5.297253 1
-0.030889 1.158449 0
3.162257 1.916795 1
0.206872 -0.164450 0
2.764280 0.553208 1
-1.535902 -3.042367 0
2.279437 -3.498582 1
0.156004 0.581072 0
3.561726 3.423868 1
-0.817709 1.408854 0
2.227562 5.014728 1
-1.925499 -4.447504 0
1.428172 5.364055 1
-0.404765 -0.388392 0
2.704598 1.187964 1
0.328765 4.177059 0
0.955358 10.471648 1
0.816668 2.276298 0
2.780678 1.222453 1
-0.416334 -4.686474 0
2.973776 3.887474 1
0.958183 1.553743 0
2.990302 0.423048 1
-0.498565 -3.042062 0
3.114545 6.412987 1
-0.421027 1.577252 0
4.689130 3.464948 1
-0.492281 1.994536 0
3.629167 -0.512561 1
-1.624551 -2.563678 0
2.276721 7.302497 1
-0.964211 -0.836852 0
1.547093 6.814580 1
-0.161737 -0.481436 0
3.032640 0.453341 1
-0.425309 4.553157 0
2.321096 -2.085949 1
0.775779 1.810129 0
4.228209 -1.383202 1
-0.153424 -3.693253 0
2.859864 8.264774 1
0.446207 1.685813 0
1.478236 6.633647 1
0.353773 -1.530658 0
2.602454 4.854397 1
-0.403994 -1.378658 0
2.645804 3.979992 1
-0.448490 -0.548809 0
3.068177 4.014911 1
-0.979874 1.542602 0
1.763900 9.561160 1
-0.679282 0.448937 0
2.636529 5.912590 1
0.045279 -2.678339 0
3.326998 2.349902 1
0.180195 1.958052 0
2.281043 2.264698 1
-1.677302 0.698780 0
1.773336 7.288195 1
-0.584480 -2.665613 0
2.575325 2.495448 1
-0.639252 4.378041 0
2.420264 1.724499 1
-0.233965 -3.580425 0
3.704985 -0.277117 1
-2.402662 -3.286895 0
2.959242 0.969916 1
0.481312 -3.908101 0
1.921176 7.272979 1
-1.502915 -1.254396 0
2.764165 2.352760 1
-1.964640 -4.663297 0
1.758354 8.485894 1
0.709262 0.400696 0
2.100948 0.400815 1
-0.633408 -1.952841 0
1.307521 5.792620 1
0.311056 0.277641 0
1.418715 4.829405 1
-0.278391 0.747753 0
1.433820 -1.171455 1
0.798219 -1.655157 0
2.324863 6.369150 1
-0.870569 1.040057 0
2.135167 2.558400 1
-1.275277 -0.278574 0
-0.775859 5.984870 1
0.592130 -0.295889 0
3.437840 2.331406 1
0.047946 3.613183 0
1.651072 -1.405323 1
-0.652368 0.859209 0
2.213820 2.046807 1
0.209637 -0.098283 0
4.947005 3.550572 1
0.530373 1.886953 0
3.400756 1.594064 1
0.245433 2.102278 0
3.588314 0.026340 1
-1.225531 -1.354695 0
3.735684 1.621265 1
-1.311145 -0.769637 0
1.187863 3.616794 1
-0.960304 -2.122553 0
4.182236 0.543755 1
0.261469 -0.474295 0
1.705126 4.420296 1
-0.646540 -2.748908 0
1.840967 4.401054 1
0.456712 -0.808714 0
2.090450 2.866086 1
0.089854 -3.233707 0
2.356986 4.425247 1
-0.317590 0.541928 0
3.944883 -2.816711 1
1.159496 1.029701 0
1.139580 5.789860 1
1.057854 1.117884 0
4.648476 -1.816632 1
0.449577 4.870990 0
2.487086 6.029350 1
-0.068677 2.001903 0
3.273827 4.902339 1
1.214426 5.168892 0
2.772313 -0.983159 1
-0.589844 -2.580294 0
2.528532 1.544706 1
-1.815832 -3.981356 0
2.651879 3.204833 1
0.393861 3.572639 0
4.599616 4.958523 1
-0.468690 -1.384136 0
2.417605 1.584780 1
0.515475 1.503392 0
1.465386 6.120043 1
-0.884153 4.919368 0
2.871285 2.229982 1
-0.543590 -1.975952 0
2.538933 1.054330 1
0.242132 -0.262675 0
2.803225 0.293937 1
0.239724 -1.583302 0
3.056000 6.148053 1
-0.610853 -0.526364 0
2.957556 4.819913 1
-0.009493 -2.521505 0
2.265331 3.873387 1
0.272815 -2.898506 0
1.305077 4.413718 1
1.647550 1.862385 0
2.804206 -0.318730 1
-1.423587 -5.027645 0
3.648552 2.972345 1
-1.842733 -9.740441 0
0.625720 2.031947 1
0.115988 -4.098150 0
1.206917 3.818868 1
0.363083 -1.221663 0
2.887898 6.587897 1
0.112247 -1.755365 0
0.496977 5.859216 1
-0.636709 0.718368 0
3.474306 4.426970 1
-0.533181 -1.442212 0
2.670103 9.677745 1
-1.768703 -2.621129 0
2.509533 6.807333 1
1.081575 1.104776 0
1.444195 10.174733 1
0.682028 -2.802189 0
3.548258 2.458022 1
0.343930 4.264449 0
3.988773 -1.732534 1
-0.151191 -0.891667 0
2.791476 -1.734620 1
1.065571 2.724015 0
3.730879 2.774853 1
-0.796522 -1.582183 0
1.741150 0.046573 1
0.855713 0.981234 0
2.178799 5.027386 1
1.322573 4.918787 0
3.314707 -0.712327 1